LCO filename					scale	sca_err	weight	wei_err		backgr[ADU]	bac_err[ADU]	seeing[arcsec]	see_err[arcsec]	exptime[s]

lsc1m004-fl04-20160926-0124-e91.fits		1.0	0.0049	1.0	0.0049		361.6		19.5		1.373		0.0504		180.0
lsc1m004-fl04-20160926-0125-e91.fits		1.0154	0.0033	0.9849	0.0032		356.6		19.3		1.296		0.0483		180.0
lsc1m004-fl04-20160926-0126-e91.fits		1.011	0.0033	0.9891	0.0032		355.1		19.4		1.3192		0.0492		180.0
lsc1m004-fl04-20160926-0127-e91.fits		1.0121	0.0035	0.9881	0.0034		354.2		19.4		1.3246		0.0492		180.0
lsc1m005-fl15-20180713-0190-e91.fits		1.2984	0.0105	0.7702	0.0062		385.5		19.1		1.2056		0.0368		180.0
lsc1m005-fl15-20180713-0191-e91.fits		1.3126	0.0084	0.7618	0.0049		389.5		19.2		1.1987		0.0392		180.0
lsc1m005-fl15-20180713-0192-e91.fits		1.3058	0.0088	0.7658	0.0052		393.0		19.3		1.226		0.0405		180.0
lsc1m009-fl03-20140526-0019-e90.fits		0.4738	0.0026	2.1106	0.0116		977.5		33.1		1.263		0.046		300.0
lsc1m009-fl03-20140526-0018-e90.fits		0.4729	0.0027	2.1146	0.012		990.4		33.2		1.2821		0.0458		300.0
lsc1m009-fl03-20140526-0020-e90.fits		0.4696	0.0023	2.1294	0.0103		972.7		32.3		1.2904		0.0468		300.0
lsc1m009-fl03-20140926-0113-e90.fits		0.6471	0.0028	1.5453	0.0068		729.6		26.5		1.3412		0.048		300.0
lsc1m009-fa04-20210620-0248-e91.fits		0.5396	0.0053	1.8534	0.0182		516.9		21.4		1.3378		0.0385		180.088
lsc1m009-fa04-20210620-0250-e91.fits		0.5378	0.0051	1.8593	0.0176		520.7		21.5		1.3599		0.0385		180.072
