LCO filename					scale	sca_err	weight	wei_err		backgr[ADU]	bac_err[ADU]	seeing[arcsec]	see_err[arcsec]	exptime[s]

lsc1m004-fl04-20160926-0124-e91.fits		1.0	0.0029	1.0	0.0029		361.6		19.5		1.373		0.0504		180.0
lsc1m004-fl04-20160926-0125-e91.fits		1.0154	0.0033	0.9849	0.0032		356.6		19.3		1.296		0.0483		180.0
lsc1m004-fl04-20160926-0126-e91.fits		1.011	0.0033	0.9891	0.0032		355.1		19.4		1.3192		0.0492		180.0
lsc1m004-fl04-20160926-0127-e91.fits		1.0121	0.0035	0.9881	0.0034		354.2		19.4		1.3246		0.0492		180.0
lsc1m009-fl03-20140526-0019-e90.fits		0.4738	0.0026	2.1106	0.0116		977.5		33.1		1.263		0.046		300.0
lsc1m009-fl03-20140926-0113-e90.fits		0.6471	0.0028	1.5453	0.0068		729.6		26.5		1.3412		0.048		300.0
lsc1m009-fl03-20140526-0018-e90.fits		0.4729	0.0027	2.1146	0.012		990.4		33.2		1.2821		0.0458		300.0
lsc1m009-fl03-20140526-0020-e90.fits		0.4696	0.0023	2.1294	0.0103		972.7		32.3		1.2904		0.0468		300.0
