LCO filename					scale	sca_err	weight	wei_err		backgr[ADU]	bac_err[ADU]	seeing[arcsec]	see_err[arcsec]	exptime[s]

lsc1m009-fl03-20150621-0116-e90.fits		1.0	0.001	1.0	0.001		505.7		23.4		1.2702		0.0183		180.0
lsc1m009-fl03-20150621-0117-e90.fits		0.9221	0.0044	1.0845	0.0052		510.1		23.2		1.2751		0.0187		180.0
lsc1m009-fl03-20150902-0174-e90.fits		0.1566	0.0005	6.3843	0.0211		366.3		20.8		1.2689		0.0196		180.0
lsc1m009-fl03-20150902-0173-e90.fits		0.1564	0.0006	6.392	0.0236		358.4		20.7		1.2767		0.019		180.0
lsc1m009-fl03-20150902-0175-e90.fits		0.1566	0.0006	6.3858	0.0226		378.4		21.1		1.2744		0.0198		180.0
lsc1m009-fl03-20150902-0172-e90.fits		0.1568	0.0006	6.3764	0.0229		357.6		20.8		1.2366		0.0191		180.0
lsc1m009-fa04-20210926-0109-e91.fits		0.0929	0.0008	10.7598	0.087		497.2		22.0		1.2828		0.0258		210.068
lsc1m009-fa04-20210926-0107-e91.fits		0.0926	0.0007	10.8041	0.0866		482.4		21.7		1.2643		0.0255		210.071
lsc1m009-fa04-20210926-0108-e91.fits		0.0923	0.0007	10.8301	0.0865		492.8		21.9		1.2804		0.0251		210.076
lsc1m005-fa15-20220630-0256-e91.fits		0.1157	0.0007	8.6455	0.0499		581.0		23.4		1.1394		0.0239		209.978
lsc1m005-fa15-20220630-0257-e91.fits		0.115	0.0006	8.6945	0.0458		587.7		23.6		1.1592		0.0229		209.974
lsc1m005-fa15-20220630-0254-e91.fits		0.1152	0.0007	8.6819	0.0512		558.6		23.0		1.1342		0.0238		209.978
lsc1m005-fa15-20220630-0255-e91.fits		0.1156	0.0006	8.6495	0.0474		566.2		23.2		1.1346		0.0242		209.974
