LCO filename					scale	sca_err	weight	wei_err		backgr[ADU]	bac_err[ADU]	seeing[arcsec]	see_err[arcsec]	exptime[s]

lsc1m009-fa04-20210805-0213-e91.fits		1.0	0.0048	1.0	0.0048		229.4		16.5		1.4454		0.0162		210.14
lsc1m009-fa04-20210805-0215-e91.fits		1.1091	0.0017	0.9016	0.0014		235.8		16.6		1.4927		0.0155		210.071
lsc1m009-fa04-20210805-0216-e91.fits		1.0456	0.002	0.9563	0.0018		234.2		15.8		1.4858		0.0159		210.072
lsc1m009-fa04-20211005-0141-e91.fits		0.8699	0.0026	1.1495	0.0035		262.1		18.1		1.4898		0.0208		210.063
lsc1m009-fa04-20211005-0142-e91.fits		0.8715	0.0021	1.1474	0.0027		263.9		18.3		1.4763		0.0197		210.072
lsc1m009-fl03-20150717-0162-e90.fits		1.5556	0.0071	0.6428	0.0029		136.3		14.8		1.3721		0.0151		180.0
lsc1m009-fl03-20150717-0159-e90.fits		1.5097	0.005	0.6624	0.0022		138.4		14.9		1.549		0.0142		180.0
lsc1m009-fl03-20150717-0161-e90.fits		1.5456	0.0061	0.647	0.0025		136.5		14.9		1.4169		0.0151		180.0
lsc1m009-fl03-20150717-0160-e90.fits		1.506	0.0054	0.664	0.0024		136.2		14.8		1.4972		0.014		180.0
lsc1m004-fl03-20180903-0157-e91.fits		1.2979	0.0061	0.7705	0.0036		139.5		14.2		1.5177		0.021		210.0
lsc1m009-fa04-20210811-0110-e91.fits		1.1931	0.0047	0.8382	0.0033		210.7		14.6		1.5439		0.0141		210.071
cpt1m012-fa06-20200728-0494-e91.fits		1.0975	0.0024	0.9112	0.002		158.1		14.0		1.5231		0.0171		209.979
cpt1m012-fa06-20200728-0495-e91.fits		1.0951	0.0029	0.9131	0.0024		156.9		14.0		1.5115		0.0156		209.975
cpt1m010-fa16-20220703-0073-e91.fits		2.0179	0.0146	0.4956	0.0036		147.5		14.4		1.4397		0.0244		210.061
