LCO filename					scale	sca_err	weight	wei_err		backgr[ADU]	bac_err[ADU]	seeing[arcsec]	see_err[arcsec]	exptime[s]

lsc1m005-fa15-20210219-0224-e91.fits		1.0	0.0248	1.0	0.0248		140.5		12.3		1.3097		0.0092		179.975
lsc1m005-fa15-20210219-0225-e91.fits		1.0161	0.0033	0.9841	0.0032		140.9		12.4		1.2546		0.0098		179.974
lsc1m005-fa15-20210219-0226-e91.fits		0.9935	0.0037	1.0065	0.0038		140.6		12.3		1.2855		0.0086		179.975
lsc1m004-fl04-20170131-0045-e91.fits		2.0394	0.0102	0.4903	0.0025		105.5		11.9		1.2126		0.0079		180.0
lsc1m004-fl04-20170131-0046-e91.fits		1.998	0.0096	0.5005	0.0024		105.2		11.8		1.2294		0.0089		180.0
lsc1m004-fl04-20170131-0048-e91.fits		1.9993	0.0139	0.5002	0.0035		103.2		11.9		1.2038		0.0103		180.0
lsc1m004-fl04-20170131-0047-e91.fits		2.0081	0.016	0.498	0.004		104.1		11.8		1.2057		0.0112		180.0
lsc1m009-fa04-20220523-0256-e91.fits		6.4722	0.1165	0.1545	0.0028		397.9		18.7		1.3014		0.0335		179.979
