LCO filename					scale	sca_err	weight	wei_err		backgr[ADU]	bac_err[ADU]	seeing[arcsec]	see_err[arcsec]	exptime[s]

lsc1m009-fl03-20170120-0187-e91.fits		1.0	0.0052	1.0	0.0052		437.8		20.7		1.3007		0.0234		180.0
lsc1m004-fl04-20170130-0163-e91.fits		1.0582	0.0063	0.945	0.0057		329.6		19.5		1.2604		0.0125		180.0
lsc1m004-fl04-20170130-0164-e91.fits		1.0587	0.0058	0.9446	0.0051		333.8		19.1		1.258		0.013		180.0
lsc1m004-fl04-20170130-0162-e91.fits		1.0621	0.005	0.9416	0.0044		330.3		19.9		1.2422		0.0136		180.0
lsc1m004-fl04-20170130-0165-e91.fits		1.0563	0.005	0.9467	0.0045		330.0		18.7		1.2541		0.0131		180.0
lsc1m009-fl03-20161231-0211-e91.fits		0.8848	0.0026	1.1302	0.0033		257.6		17.3		1.2983		0.0294		180.0
lsc1m009-fl03-20161231-0214-e91.fits		0.8943	0.0041	1.1181	0.0051		254.8		17.2		1.1719		0.0375		180.0
lsc1m009-fl03-20161231-0213-e91.fits		0.8871	0.0042	1.1273	0.0053		255.8		17.2		1.2113		0.0356		180.0
lsc1m009-fl03-20161231-0212-e91.fits		0.8838	0.0027	1.1315	0.0035		263.4		17.4		1.2458		0.0333		180.0
lsc1m009-fl03-20161231-0190-e91.fits		0.8975	0.0029	1.1143	0.0036		289.1		17.9		1.2719		0.0309		180.0
lsc1m009-fl03-20161231-0191-e91.fits		0.9001	0.0029	1.111	0.0036		282.1		17.8		1.2534		0.0318		180.0
lsc1m005-fa15-20220410-0205-e91.fits		0.6906	0.0064	1.448	0.0134		556.3		22.1		1.3494		0.0209		179.978
cpt1m012-fa06-20210311-0079-e91.fits		1.0842	0.0126	0.9223	0.0108		398.9		19.4		1.3464		0.0286		179.978
lsc1m005-fa15-20220410-0204-e91.fits		0.687	0.0064	1.4557	0.0137		552.5		22.1		1.3596		0.0218		179.978
