LCO filename					scale	sca_err	weight	wei_err		backgr[ADU]	bac_err[ADU]	seeing[arcsec]	see_err[arcsec]	exptime[s]

lsc1m009-fl03-20140526-0021-e90.fits		1.0	0.1135	1.0	0.1135		372.1		22.0		1.3513		0.0468		300.0
lsc1m009-fl03-20140526-0022-e90.fits		1.0131	0.0029	0.9871	0.0029		368.9		21.6		1.263		0.044		300.0
lsc1m009-fl03-20140526-0023-e90.fits		1.0031	0.0019	0.9969	0.0019		366.7		21.2		1.3744		0.0467		300.0
lsc1m009-fl03-20141014-0097-e90.fits		9.3643	1.2551	0.1068	0.0143		460.6		20.8		1.2639		0.2292		300.0
lsc1m009-fl03-20141014-0096-e90.fits		4.1291	0.0227	0.2422	0.0013		426.1		20.5		1.3649		0.0471		300.0
lsc1m005-fl15-20180816-0126-e91.fits		1.9369	0.0079	0.5163	0.0021		116.0		11.9		1.41		0.0392		180.0
lsc1m005-fl15-20180816-0127-e91.fits		1.9168	0.0073	0.5217	0.002		115.8		11.9		1.4174		0.0373		180.0
lsc1m004-fl04-20160907-0137-e91.fits		2.5668	0.0237	0.3896	0.0036		164.3		14.2		1.4151		0.0511		180.0
lsc1m004-fl04-20160907-0138-e91.fits		2.3328	0.0168	0.4287	0.0031		158.9		14.1		1.4194		0.0485		180.0
lsc1m009-fl03-20141020-0051-e90.fits		1.0266	0.0051	0.9741	0.0048		347.9		19.2		1.429		0.0521		300.0
lsc1m009-fl03-20141020-0053-e90.fits		1.0222	0.0028	0.9783	0.0026		354.6		19.3		1.4097		0.0495		300.0
lsc1m009-fa04-20210610-0531-e91.fits		1.0861	0.0077	0.9207	0.0066		227.1		14.9		1.4069		0.0425		180.155
lsc1m009-fa04-20210610-0532-e91.fits		1.0788	0.0084	0.927	0.0072		225.0		14.9		1.3872		0.0383		180.072
